-8.98213e-10
-1.11786e-09
-1.1833e-09
-3.16585e-10
-1.17695e-09
-2.47736e-10
-6.71235e-10
-1.48714e-09
-6.01297e-10
-2.07993e-09
-3.98132e-10
-7.65504e-10
-3.03901e-10
-4.89932e-10
-6.21465e-10
-3.01618e-10
-2.97056e-10
-2.52408e-10
-2.84106e-09
-3.66845e-10
-3.73035e-10
-2.60551e-09
-2.49763e-10
-1.30692e-09
-1.70725e-09
-1.75816e-09
-1.76761e-09
-1.00173e-09
-8.49935e-10
-7.94984e-10
-1.84506e-10
-1.66259e-09
-1.26679e-09
-5.66307e-10
-4.03219e-10
-1.18451e-09
-3.91964e-10
-2.66319e-10
-3.15201e-10
-2.14662e-10
-4.20181e-10
-3.32146e-10
-2.95963e-09
-2.67572e-09
-8.96864e-10
-3.21328e-10
-5.32131e-10
-2.03698e-09
-1.41147e-09
-1.72694e-09
-2.10258e-09
0.0133333
0.0266667
0.04
0.0533333
0.0666667
0.08
0.0933333
0.106667
0.12
0.133333
0.146667
0.16
0.173333
0.186667
0.2
0.213333
0.228274
0.246461
0.264697
0.282978
0.301302
0.319668
0.338074
0.356518
0.375
0.3953
0.415962
0.436973
0.458322
0.48
0.5022
0.5248
0.5478
0.5712
0.595
0.6192
0.6438
0.6688
0.6942
0.72
0.7462
0.7728
0.7998
0.8272
0.855
0.8832
0.9118
0.9408
0.9702
