0.0075
0.015
0.0225
0.03
0.0375
0.045
0.0525
0.06
0.0675
0.075
0.0825
0.09
0.0975
0.105
0.1125
0.12
0.1275
0.135
0.1425
0.15
0.1575
0.165
0.1725
0.18
0.1875
0.195
0.2025
0.21
0.2175
0.225
0.2325
0.24
0.2475
0.255
0.2625
0.27
0.2775
0.285
0.2925
0.3
0.3075
0.315
0.3225
0.33
0.3375
0.345
0.3525
0.36
0.3675
0.375
0.375
0.3675
0.36
0.3525
0.345
0.3375
0.33
0.3225
0.315
0.3075
0.3
0.2925
0.285
0.2775
0.27
0.2625
0.255
0.2475
0.24
0.2325
0.225
0.2175
0.21
0.2025
0.195
0.1875
0.18
0.1725
0.165
0.1575
0.15
0.1425
0.135
0.1275
0.12
0.1125
0.105
0.0975
0.09
0.0825
0.075
0.0675
0.06
0.0525
0.045
0.0375
0.03
0.0225
0.015
0.0075
