-1.73427e-10
-2.29481e-10
-1.35925e-10
-9.1269e-11
-2.88891e-09
-4.20784e-10
-2.17581e-10
-1.49039e-09
-1.50927e-10
-1.13247e-09
-3.17926e-10
-1.21133e-10
-7.35244e-10
-8.76281e-11
-2.69453e-10
-1.25292e-10
-8.14376e-11
-6.62079e-10
-3.9175e-10
-1.05284e-10
-7.21881e-10
-8.23004e-10
-3.29125e-10
-2.67605e-10
-2.26033e-10
-1.76703e-10
-2.20863e-10
-2.87199e-10
-6.19267e-10
-1.04317e-10
-5.67189e-10
-7.9418e-10
-1.19347e-10
-5.0937e-10
-5.83171e-10
-4.50037e-10
-2.79884e-10
-3.2946e-10
-3.68992e-10
-1.27417e-10
-3.23583e-10
-5.30113e-10
-3.47992e-10
-2.99194e-10
-6.47196e-10
-1.14625e-09
-2.02364e-09
-2.82588e-10
-4.37231e-10
-3.6318e-10
-2.78638e-10
-6.81478e-10
-7.83484e-11
-5.03731e-10
-8.1542e-10
-6.91314e-10
-9.35707e-10
-1.91271e-10
-1.23239e-09
-8.349e-10
-9.12271e-10
-2.93461e-10
-7.11183e-10
-2.30028e-10
-6.70603e-10
-9.70387e-10
-1.20027e-10
0.00367607
0.0147475
0.0258802
0.0370699
0.0483126
0.059605
0.0709438
0.0823264
0.09375
0.111062
0.129565
0.149234
0.17005
0.192
0.215946
0.241408
0.268422
0.297024
0.32725
0.359136
0.392718
0.428032
0.465114
0.504
0.544726
0.587328
0.631842
0.678304
0.72675
0.777216
0.829738
0.884352
0.941094
