0.00562502
0.01125
0.016875
0.0225
0.028125
0.03375
0.039375
0.045
0.050625
0.05625
0.061875
0.0675
0.073125
0.07875
0.084375
0.09
0.095625
0.10125
0.106875
0.1125
0.118125
0.12375
0.129375
0.135
0.140625
0.14625
0.151875
0.1575
0.163125
0.16875
0.174375
0.17936
0.183598
0.187414
0.190772
0.193658
0.196193
0.198461
0.200474
0.202249
0.203914
0.205511
0.207033
0.208474
0.209811
0.211011
0.212043
0.212872
0.213417
0.213573
0.213573
0.213417
0.212873
0.212043
0.211011
0.209811
0.208474
0.207033
0.205511
0.203914
0.202249
0.200474
0.198461
0.196193
0.193658
0.190772
0.187414
0.183598
0.17936
0.174375
0.16875
0.163125
0.1575
0.151875
0.14625
0.140625
0.135
0.129375
0.12375
0.118125
0.1125
0.106875
0.10125
0.095625
0.09
0.084375
0.07875
0.073125
0.0675
0.061875
0.05625
0.050625
0.045
0.039375
0.03375
0.028125
0.0225
0.016875
0.01125
0.00562501
