0.941094
0.884352
0.829738
0.777216
0.72675
0.678304
0.631842
0.587328
0.544726
0.504
0.465114
0.428032
0.392718
0.359136
0.32725
0.297024
0.268422
0.241408
0.215946
0.192
0.17005
0.149234
0.129565
0.111062
0.09375
0.0823264
0.0709438
0.059605
0.0483126
0.0370699
0.0258802
0.0147475
0.00367608
-1.67542e-10
-4.94178e-10
-3.66689e-10
-6.091e-10
-1.18752e-10
-2.27736e-10
-8.33249e-10
-1.16622e-09
-6.99635e-11
-7.08953e-10
-8.14506e-11
-4.67359e-10
-6.59022e-10
-1.07116e-09
-4.02828e-10
-5.81779e-10
-7.27455e-10
-2.05785e-10
-3.39957e-10
-2.51033e-10
-2.99621e-10
-3.66293e-10
-2.27816e-10
-1.38064e-10
-3.12774e-10
-2.90164e-10
-2.02275e-10
-2.51242e-10
-1.14961e-09
-9.00219e-10
-1.30869e-09
-1.86094e-09
-3.55428e-10
-3.77255e-10
-3.48816e-10
-3.48633e-10
-3.49346e-10
-3.21969e-10
-5.81764e-10
-1.1495e-10
-1.0962e-09
-3.13978e-10
-3.06087e-10
-3.14124e-10
-9.4884e-11
-1.01094e-10
-1.14988e-10
-7.89989e-10
-5.58211e-10
-5.14626e-10
-3.9286e-10
-7.02852e-11
-1.47658e-10
-8.88542e-11
-7.08241e-10
-4.28456e-10
-9.43493e-10
-1.46708e-10
-1.7239e-10
-1.7669e-09
-3.39913e-10
-3.22182e-10
-2.74786e-09
-5.75504e-10
-9.11589e-11
-1.29175e-10
-5.52241e-11
