0.015
0.03
0.045
0.06
0.075
0.09
0.105
0.12
0.135
0.15
0.165
0.18
0.195
0.21
0.225
0.24
0.255
0.27
0.285
0.3
0.315
0.33
0.345
0.36
0.375
0.39
0.405
0.42
0.435
0.45
0.465
0.48
0.495
0.51
0.525
0.54
0.555
0.57
0.585
0.6
0.615
0.63
0.645
0.66
0.675
0.69
0.705
0.72
0.735
0.75
0.75
0.745
0.74
0.735
0.73
0.725
0.72
0.715
0.71
0.705
0.7
0.695
0.69
0.685
0.68
0.675
0.67
0.662589
0.650308
0.637955
0.625534
0.613047
0.600498
0.58789
0.575223
0.5625
0.54705
0.531057
0.514541
0.497517
0.48
0.4617
0.4428
0.4233
0.4032
0.3825
0.3612
0.3393
0.3168
0.2937
0.27
0.2457
0.2208
0.1953
0.1692
0.1425
0.1152
0.0873
0.0588
0.0297
