0.01
0.02
0.03
0.04
0.05
0.06
0.07
0.08
0.09
0.1
0.11
0.12
0.13
0.14
0.15
0.16
0.17
0.18
0.19
0.2
0.21
0.22
0.23
0.24
0.25
0.26
0.27
0.28
0.29
0.3
0.31
0.32
0.33
0.34
0.35
0.36
0.37
0.38
0.39
0.4
0.41
0.42
0.43
0.44
0.45
0.46
0.47
0.48
0.49
0.5
0.5
0.4998
0.4992
0.4982
0.4968
0.495
0.4928
0.4902
0.4872
0.4838
0.48
0.4758
0.4712
0.4662
0.4608
0.455
0.4488
0.4422
0.4352
0.4278
0.42
0.4118
0.4032
0.3942
0.3848
0.375
0.3648
0.3542
0.3432
0.3318
0.32
0.3078
0.2952
0.2822
0.2688
0.255
0.2408
0.2262
0.2112
0.1958
0.18
0.1638
0.1472
0.1302
0.1128
0.095
0.0768
0.0582
0.0392
0.0198
