0.9702
0.9408
0.9118
0.8832
0.855
0.8272
0.7998
0.7728
0.7462
0.72
0.6942
0.6688
0.6438
0.6192
0.595
0.5712
0.5478
0.5248
0.5022
0.48
0.458322
0.436973
0.415962
0.3953
0.375
0.356518
0.338074
0.319668
0.301302
0.282978
0.264697
0.246461
0.228274
0.213333
0.2
0.186667
0.173333
0.16
0.146667
0.133333
0.12
0.106667
0.0933333
0.08
0.0666667
0.0533333
0.04
0.0266667
0.0133333
-1.38899e-10
-9.12303e-10
-8.11025e-10
-8.60249e-10
-9.53254e-10
-1.3989e-09
-4.04698e-10
-1.91726e-09
-4.52224e-10
-1.11742e-09
-3.25886e-10
-2.14506e-10
-2.27228e-09
-1.45649e-09
-1.71312e-09
-1.07923e-09
-4.34754e-10
-2.90875e-10
-2.03692e-10
-3.44257e-10
-2.01195e-10
-7.39814e-10
-7.32837e-10
-1.32351e-09
-1.29385e-09
-1.44715e-09
-1.88475e-09
-2.39127e-09
-3.16526e-09
-3.85347e-09
-2.42082e-10
-1.96144e-10
-1.84937e-09
-6.70999e-10
-4.33942e-10
-4.24312e-10
-9.86825e-10
-1.56175e-09
-1.87864e-09
-2.33785e-10
-1.1657e-09
-4.16438e-10
-7.50542e-10
-6.03124e-10
-4.94362e-10
-1.38887e-10
-1.2128e-09
-2.99511e-10
-9.88777e-10
-2.57632e-10
-1.33992e-09
