0.015
0.03
0.045
0.06
0.075
0.09
0.105
0.12
0.135
0.15
0.165
0.18
0.195
0.21
0.225
0.24
0.255
0.27
0.285
0.3
0.315
0.33
0.345
0.36
0.375
0.375
0.3744
0.3726
0.369818
0.366368
0.362549
0.358602
0.354591
0.350529
0.34642
0.342262
0.338055
0.333794
0.329471
0.325072
0.32055
0.315837
0.310812
0.305467
0.300108
0.294749
0.28939
0.284031
0.278672
0.273313
0.267954
0.262595
0.257236
0.251876
0.246517
0.241158
0.235799
0.23044
0.225081
0.219722
0.214363
0.209004
0.203645
0.198286
0.192927
0.187568
0.182208
0.176849
0.17149
0.166131
0.160772
0.155413
0.150054
0.144695
0.139336
0.133977
0.128618
0.123259
0.1179
0.112541
0.107181
0.101822
0.0964633
0.0911043
0.0857452
0.0803861
0.075027
0.069668
0.0643089
0.0589498
0.0535907
0.0482317
0.0428726
0.0375135
0.0321544
0.0267954
0.0214363
0.0160772
0.0107182
0.00535908
