0.058212
0.112896
0.164124
0.211968
0.2565
0.297792
0.335916
0.370944
0.402948
0.432
0.458172
0.481536
0.502164
0.520128
0.5355
0.548352
0.558756
0.566784
0.572508
0.576
0.576564
0.576543
0.575478
0.572795
0.568476
0.5625
0.555
0.5475
0.54
0.5325
0.525
0.5175
0.51
0.5025
0.495
0.4875
0.48
0.4725
0.465
0.4575
0.45
0.4425
0.435
0.4275
0.42
0.4125
0.405
0.3975
0.39
0.3825
0.375
0.3675
0.36
0.3525
0.345
0.3375
0.33
0.3225
0.315
0.3075
0.3
0.2925
0.285
0.2775
0.27
0.2625
0.255
0.2475
0.24
0.2325
0.225
0.2175
0.21
0.2025
0.195
0.1875
0.18
0.1725
0.165
0.1575
0.15
0.1425
0.135
0.1275
0.12
0.1125
0.105
0.0975
0.09
0.0825
0.075
0.0675
0.06
0.0525
0.045
0.0375
0.03
0.0225
0.015
0.0075
