0.001
0.002828427
0.005196152
0.008
0.01118034
0.014696938
0.018520259
0.022627417
0.027
0.031622777
0.036482873
0.041569219
0.046872167
0.052383203
0.05809475
0.064
0.070092796
0.076367532
0.08281908
0.089442719
0.09623409
0.103189147
0.110304125
0.117575508
0.125
0.132574507
0.140296115
0.148162073
0.156169779
0.164316767
0.172600695
0.181019336
0.189570567
0.198252364
0.207062792
0.216
0.225062214
0.234247732
0.243554922
0.252982213
0.262528094
0.272191109
0.281969857
0.291862982
0.301869177
0.311987179
0.322215766
0.332553755
0.343
0.353553391
0.36421285
0.374977333
0.385845824
0.396817338
0.407890917
0.419065627
0.430340563
0.44171484
0.453187599
0.464758002
0.47642523
0.488188488
0.500046998
0.512
0.524046754
0.536186535
0.548418636
0.560742365
0.573157047
0.585662019
0.598256634
0.610940259
0.623712273
0.63657207
0.649519053
0.662552639
0.675672258
0.688877348
0.702167359
0.715541753
0.729
0.742541581
0.756165987
0.769872717
0.783661279
0.797531191
0.811481978
0.825513174
0.839624321
0.853814968
0.868084673
0.882433
0.896859521
0.911363813
0.925945463
0.940604061
0.955339207
0.970150504
0.985037563
1